balder erling 0 1 (1187.213839294489, 0.0, 1) (1189.9918284180133, 1.0, 1) 2024-02-23T21:27:43.382175
magnus erling 0 1 (1196.4616946755878, 0.0, 1) (1202.6518856848018, 2.0, 2) 2024-02-23T21:46:26.578361
edvard frede  1 0 (1234.0975896722541, 1.0, 1) (1175.9994595535152, 0.0, 1) 2024-02-23T21:55:23.699246
balder magnus 0 1 (1175.5331734922079, 0.0, 2) (1208.1423604778688, 1.0, 2) 2024-02-23T22:10:15.731694
frede  edvard 0 1 (1165.9876012071084, 0.0, 2) (1244.109448018661, 2.0, 2) 2024-02-23T22:23:56.464255
erling magnus 0 1 (1190.8415041817507, 2.0, 3) (1219.9527419809199, 2.0, 3) 2024-02-23T22:36:02.566688
balder edvard 0 1 (1165.8714279276705, 0.0, 1) (1253.7711935831983, 1.0, 1) 2024-02-23T22:44:18.613450
erling edvard 0 1 (1180.9915578588912, 2.0, 3) (1263.6211399060578, 4.0, 3) 2024-02-23T23:28:54.915998
magnus edvard 0.5 0.5 (1221.4531027153523, 2.5, 3) (1262.1207791716254, 4.5, 4) 2024-02-23T23:52:04.863400
frede  erling 1 0 (1178.505497603773, 1.0, 3) (1168.4736614622266, 2.0, 4) 2024-10-18T20:53:49.061194
jesper balder 1 0 (1214.2783657047457, 1.0, 1) (1155.1685933422768, 0.0, 3) 2024-10-18T20:54:07.219391
